idNumber  score_1 score_2 score_3
 10603      26      53      76
 10609      58      41      30
 10613      99      90      59
 10614      15      74      60
 10615      28      41      57
 10618      68      91      69
 10621      91      64      59
 10624      78      54      24
 10629      64      81      83
 10630      49      98      48
 10631      21      74      19
 10632      80      47      13
 10635      77      78      36
 10637      26      50      59
 10638      96      11      78
 10639      85      72      80
 10640      29      80      16
 10641      85      13      70
 10642      39      24      22
 10645      44      31      92